{
  "countries": [
    "China",
    "Japan",
    "Korea",
    "Taiwan",
    "Turkey"
  ],
  "excluded": [
    {
      "name": "Bangladesh",
      "n_docs": 103
    },
    {
      "name": "Nepal",
      "n_docs": 166
    },
    {
      "name": "Vietnam",
      "n_docs": 61
    }
  ],
  "min_docs_threshold": 1000,
  "matrix": [
    [
      1.0,
      0.2698,
      0.6047,
      0.5399,
      0.3785
    ],
    [
      0.2698,
      1.0,
      0.448,
      0.4626,
      0.1919
    ],
    [
      0.6047,
      0.448,
      1.0,
      0.6586,
      0.4252
    ],
    [
      0.5399,
      0.4626,
      0.6586,
      1.0,
      0.3056
    ],
    [
      0.3785,
      0.1919,
      0.4252,
      0.3056,
      1.0
    ]
  ],
  "word_jaccard_matrix": [
    [
      1.0,
      0.1111,
      0.2903,
      0.2903,
      0.0811
    ],
    [
      0.1111,
      1.0,
      0.2903,
      0.25,
      0.0811
    ],
    [
      0.2903,
      0.2903,
      1.0,
      0.4286,
      0.1765
    ],
    [
      0.2903,
      0.25,
      0.4286,
      1.0,
      0.1765
    ],
    [
      0.0811,
      0.0811,
      0.1765,
      0.1765,
      1.0
    ]
  ],
  "shared_terms": {
    "China_Japan": [
      "community",
      "development",
      "organization",
      "social"
    ],
    "China_Korea": [
      "community",
      "development",
      "governance",
      "government",
      "organization",
      "public",
      "social",
      "state",
      "system"
    ],
    "China_Taiwan": [
      "community",
      "development",
      "governance",
      "government",
      "management",
      "organization",
      "public",
      "service",
      "social"
    ],
    "China_Turkey": [
      "organization",
      "public",
      "social"
    ],
    "Japan_Korea": [
      "activity",
      "community",
      "development",
      "education",
      "ngo",
      "nonprofit",
      "organization",
      "social",
      "welfare"
    ],
    "Japan_Taiwan": [
      "community",
      "development",
      "education",
      "ngo",
      "nonprofit",
      "npo",
      "organization",
      "social"
    ],
    "Japan_Turkey": [
      "education",
      "organization",
      "social"
    ],
    "Korea_Taiwan": [
      "civil society",
      "community",
      "development",
      "education",
      "governance",
      "government",
      "ngo",
      "nonprofit",
      "organization",
      "policy",
      "public",
      "social"
    ],
    "Korea_Turkey": [
      "civil society",
      "education",
      "organization",
      "public",
      "role",
      "social"
    ],
    "Taiwan_Turkey": [
      "civil society",
      "education",
      "example",
      "organization",
      "public",
      "social"
    ]
  }
}