{
  "countries": [
    "China",
    "Japan",
    "Korea",
    "Taiwan",
    "Turkey"
  ],
  "excluded": [
    {
      "name": "Bangladesh",
      "n_docs": 103
    },
    {
      "name": "Nepal",
      "n_docs": 166
    },
    {
      "name": "Vietnam",
      "n_docs": 61
    }
  ],
  "min_docs_threshold": 1000,
  "matrix": [
    [
      1.0,
      0.3466,
      0.694,
      0.5984,
      0.5438
    ],
    [
      0.3466,
      1.0,
      0.5172,
      0.4822,
      0.3225
    ],
    [
      0.694,
      0.5172,
      1.0,
      0.6473,
      0.5231
    ],
    [
      0.5984,
      0.4822,
      0.6473,
      1.0,
      0.3799
    ],
    [
      0.5438,
      0.3225,
      0.5231,
      0.3799,
      1.0
    ]
  ],
  "word_jaccard_matrix": [
    [
      1.0,
      0.1429,
      0.3333,
      0.3333,
      0.1111
    ],
    [
      0.1429,
      1.0,
      0.2903,
      0.25,
      0.0811
    ],
    [
      0.3333,
      0.2903,
      1.0,
      0.4286,
      0.1429
    ],
    [
      0.3333,
      0.25,
      0.4286,
      1.0,
      0.1429
    ],
    [
      0.1111,
      0.0811,
      0.1429,
      0.1429,
      1.0
    ]
  ],
  "shared_terms": {
    "China_Japan": [
      "community",
      "development",
      "nonprofit",
      "organization",
      "social"
    ],
    "China_Korea": [
      "community",
      "development",
      "governance",
      "government",
      "nonprofit",
      "organization",
      "public",
      "social",
      "state",
      "system"
    ],
    "China_Taiwan": [
      "community",
      "development",
      "governance",
      "government",
      "management",
      "nonprofit",
      "organization",
      "public",
      "service",
      "social"
    ],
    "China_Turkey": [
      "nongovernment",
      "organization",
      "public",
      "social"
    ],
    "Japan_Korea": [
      "activity",
      "community",
      "development",
      "education",
      "ngo",
      "nonprofit",
      "organization",
      "social",
      "welfare"
    ],
    "Japan_Taiwan": [
      "community",
      "development",
      "education",
      "ngo",
      "nonprofit",
      "npo",
      "organization",
      "social"
    ],
    "Japan_Turkey": [
      "organization",
      "social",
      "volunteer"
    ],
    "Korea_Taiwan": [
      "civil society",
      "community",
      "development",
      "education",
      "governance",
      "government",
      "ngo",
      "nonprofit",
      "organization",
      "policy",
      "public",
      "social"
    ],
    "Korea_Turkey": [
      "civil society",
      "organization",
      "public",
      "role",
      "social"
    ],
    "Taiwan_Turkey": [
      "civil society",
      "example",
      "organization",
      "public",
      "social"
    ]
  }
}