{
  "countries": [
    "China",
    "Japan",
    "Korea",
    "Taiwan",
    "Turkey"
  ],
  "excluded": [
    {
      "name": "Bangladesh",
      "n_docs": 103
    },
    {
      "name": "Nepal",
      "n_docs": 166
    },
    {
      "name": "Vietnam",
      "n_docs": 61
    }
  ],
  "min_docs_threshold": 1000,
  "matrix": [
    [
      1.0,
      0.388,
      0.7879,
      0.6117,
      0.4405
    ],
    [
      0.388,
      1.0,
      0.448,
      0.4626,
      0.2041
    ],
    [
      0.7879,
      0.448,
      1.0,
      0.6586,
      0.4518
    ],
    [
      0.6117,
      0.4626,
      0.6586,
      1.0,
      0.3247
    ],
    [
      0.4405,
      0.2041,
      0.4518,
      0.3247,
      1.0
    ]
  ],
  "word_jaccard_matrix": [
    [
      1.0,
      0.1429,
      0.3793,
      0.4286,
      0.1111
    ],
    [
      0.1429,
      1.0,
      0.2903,
      0.25,
      0.0526
    ],
    [
      0.3793,
      0.2903,
      1.0,
      0.4286,
      0.1429
    ],
    [
      0.4286,
      0.25,
      0.4286,
      1.0,
      0.1429
    ],
    [
      0.1111,
      0.0526,
      0.1429,
      0.1429,
      1.0
    ]
  ],
  "shared_terms": {
    "China_Japan": [
      "development",
      "ngo",
      "nonprofit",
      "organization",
      "social"
    ],
    "China_Korea": [
      "development",
      "governance",
      "government",
      "ngo",
      "nonprofit",
      "organization",
      "policy",
      "public",
      "role",
      "social",
      "system"
    ],
    "China_Taiwan": [
      "development",
      "governance",
      "government",
      "international",
      "management",
      "ngo",
      "nonprofit",
      "organization",
      "policy",
      "public",
      "service",
      "social"
    ],
    "China_Turkey": [
      "organization",
      "public",
      "role",
      "social"
    ],
    "Japan_Korea": [
      "activity",
      "community",
      "development",
      "education",
      "ngo",
      "nonprofit",
      "organization",
      "social",
      "welfare"
    ],
    "Japan_Taiwan": [
      "community",
      "development",
      "education",
      "ngo",
      "nonprofit",
      "npo",
      "organization",
      "social"
    ],
    "Japan_Turkey": [
      "organization",
      "social"
    ],
    "Korea_Taiwan": [
      "civil society",
      "community",
      "development",
      "education",
      "governance",
      "government",
      "ngo",
      "nonprofit",
      "organization",
      "policy",
      "public",
      "social"
    ],
    "Korea_Turkey": [
      "civil society",
      "organization",
      "public",
      "role",
      "social"
    ],
    "Taiwan_Turkey": [
      "civil society",
      "example",
      "organization",
      "public",
      "social"
    ]
  }
}