{
  "countries": [
    "China",
    "Japan",
    "Korea",
    "Taiwan",
    "Turkey"
  ],
  "excluded": [
    {
      "name": "Bangladesh",
      "n_docs": 103
    },
    {
      "name": "Nepal",
      "n_docs": 166
    },
    {
      "name": "Vietnam",
      "n_docs": 61
    }
  ],
  "min_docs_threshold": 1000,
  "matrix": [
    [
      1.0,
      0.3712,
      0.6331,
      0.7132,
      0.4038
    ],
    [
      0.3712,
      1.0,
      0.4374,
      0.4075,
      0.2263
    ],
    [
      0.6331,
      0.4374,
      1.0,
      0.6922,
      0.4385
    ],
    [
      0.7132,
      0.4075,
      0.6922,
      1.0,
      0.4695
    ],
    [
      0.4038,
      0.2263,
      0.4385,
      0.4695,
      1.0
    ]
  ],
  "word_jaccard_matrix": [
    [
      1.0,
      0.1429,
      0.3793,
      0.3793,
      0.1111
    ],
    [
      0.1429,
      1.0,
      0.3333,
      0.2121,
      0.0811
    ],
    [
      0.3793,
      0.3333,
      1.0,
      0.4286,
      0.1765
    ],
    [
      0.3793,
      0.2121,
      0.4286,
      1.0,
      0.1765
    ],
    [
      0.1111,
      0.0811,
      0.1765,
      0.1765,
      1.0
    ]
  ],
  "shared_terms": {
    "China_Japan": [
      "development",
      "ngo",
      "nonprofit",
      "organization",
      "social"
    ],
    "China_Korea": [
      "development",
      "governance",
      "government",
      "ngo",
      "nonprofit",
      "organization",
      "policy",
      "public",
      "role",
      "social",
      "system"
    ],
    "China_Taiwan": [
      "development",
      "governance",
      "government",
      "international",
      "management",
      "nonprofit",
      "organization",
      "policy",
      "public",
      "service",
      "social"
    ],
    "China_Turkey": [
      "organization",
      "public",
      "role",
      "social"
    ],
    "Japan_Korea": [
      "activity",
      "development",
      "education",
      "focusing",
      "ngo",
      "nonprofit",
      "organization",
      "social",
      "society",
      "welfare"
    ],
    "Japan_Taiwan": [
      "community",
      "development",
      "education",
      "nonprofit",
      "organization",
      "social",
      "society"
    ],
    "Japan_Turkey": [
      "organization",
      "social",
      "society"
    ],
    "Korea_Taiwan": [
      "civil",
      "development",
      "education",
      "governance",
      "government",
      "local",
      "nonprofit",
      "organization",
      "policy",
      "public",
      "social",
      "society"
    ],
    "Korea_Turkey": [
      "civil",
      "organization",
      "public",
      "role",
      "social",
      "society"
    ],
    "Taiwan_Turkey": [
      "civil",
      "example",
      "organization",
      "public",
      "social",
      "society"
    ]
  }
}